93061353075
71051030775
30041854173
05270446776
50050726353
44071912886
89080504347
56042388248
40031700830
35041981638
36090935210
61062200740
40110776778
64011058319
02242015482
84041444229
82020213046
31012548541
75081687732
83051825677
28110326155
94100255549
24090424362
45060630374
89092008581
78060555031
80080653482
92012375636
89071064539
47101428160
41081445777
87060814888
49092025830
85011387016
01310405062
44111354069
64070734520
75110618074
75110633235
67082307014
32102076733
37100980341
58041152183
28100663741
73092501236
32010640815
95110415105
58040804807
99110481810
70102518826
80022648042
59071277723
27051912764
91090224148
45031026777
43082142233
88110980023
94072634740
43062416022
67060246841
87090530424
01242331075
44022245012
59112410544
00252252161
34032505341
74060507252
04211642239
95011366865
38061156808
45050242882
04220154408
36060842081
52011662346
55112676742
43082754483
53100460135
79031220657
53010574410
49061211736
61051622081
79012468511
54081214285
28110774217
52040341878
48090704554
69070282165
62032158009
85091836853
00242312042
43030271563
46081426623
30032216346
62061775886
26020964120
31111065307
34051065507
49081175627
99012321636
27020986156